7.575216
7.376667
8.218301
7.432615
7.6096945
8.704913
9.137977
9.608414
8.98164
10.528705
11.544201
10.873437
9.021479
8.559006
7.9229393
8.255324
9.309748
9.745636
10.31162
11.505951
9.219323
9.654298
10.441945
10.172376
10.58732
9.541666
7.9848046
7.1597714
7.45293
10.584737
9.190528
9.419147
9.224205
10.341044
8.880439
10.066436
8.425395
10.067564
11.062229
9.684345
10.82356
10.803638
11.437298
11.528455
10.243811
10.556882
8.6332035
9.014404
10.46057
9.274083
9.4604645
10.330191
10.5660095
8.681234
7.9119253
7.392422
8.980221
9.414201
9.6071415
10.29111
8.934194
9.283539
9.2152
10.796624
8.165202
8.190145
8.59075
8.839041
7.133861
7.931821
8.277528
7.2976284
6.991806
7.691015
7.240692
9.130262
13.578019
13.631094
14.815881
13.142528
13.355839
13.313511
12.124614
15.150558
19.353212
26.034718
13.152618
7.1904283
6.5983152
6.572986
6.1656175
5.7570577
5.336566
10.353189
5.9301414
6.5543966
10.787509
6.4078455
3.5918486
3.8956642
3.7602541
3.995098
4.9607167
4.390615
4.850526
6.610908
3.7717865
5.1023955
6.0485563
9.705758
9.221397
8.687234
6.860126
3.0570517
2.976004
3.60755
4.80982
5.304897
4.153837
2.4657266
2.1182964
1.9485562
2.1055288
1.9533231
