7.4964223
5.462921
6.300889
4.531512
5.3423495
5.0492253
6.836334
6.261519
7.746913
7.2010355
7.2698812
7.7925663
7.307084
4.7170205
6.077674
5.772108
8.455276
7.922054
8.804368
7.952808
7.4771457
5.8354263
7.8608828
7.1567655
9.505112
10.29359
9.925784
8.875154
8.659485
7.2762823
8.348599
7.1230946
7.459425
5.5405426
6.315525
4.4915457
5.683179
5.270562
7.9594316
8.893032
8.256337
8.882371
8.181544
9.806895
9.872288
9.472565
8.856835
9.130843
7.8452134
9.56075
8.613495
9.22658
7.4879045
7.240158
6.7511086
7.167558
6.522602
8.617767
7.205298
8.2403965
7.3868213
8.553749
6.9653087
8.710585
7.8298755
8.178981
6.7558656
6.4533887
5.935317
6.7372427
4.486343
6.789097
6.775994
8.032885
8.106847
9.168103
8.704429
8.247651
6.524375
7.3219852
6.136954
7.8755097
6.9780655
8.430574
6.702563
8.547223
7.4953327
7.5167856
6.6526585
6.8549423
6.531353
8.335967
8.40805
8.888049
8.03543
9.692997
7.970921
10.314463
8.304971
9.3904085
9.070388
9.51817
8.278227
10.35785
8.681484
10.104468
7.9187374
8.290444
7.353106
8.109323
7.0816355
9.963768
8.022106
9.139102
6.581889
8.493757
6.5555506
8.987921
7.349583
8.667438
7.65029
8.211454
7.9016666
8.548832
8.483481
7.8366528
7.0036354
7.004387
6.9863806
9.38317
9.919504
8.881854
6.8533916
7.0924425
6.3147554
6.9317274
6.5187325
6.5539913
5.3943977
6.8833714
6.8759027
8.415757
9.124672
10.289285
9.707505
9.5280285
9.170329
9.988967
8.668866
7.4510303
6.784201
6.5598593
6.022867
8.058023
6.935543
8.076875
7.526388
8.994414
8.645053
8.919963
6.739795
6.4667525
5.3303657
5.9808917
3.8144622
5.3905535
5.2446265
7.6868935
6.5613465
6.6174884
5.3842654
6.4902506
5.513282
6.3471994
5.9521656
5.794818
5.813776
7.052915
5.1698756
5.643354
4.674773
5.380935
3.6287951
5.4979687
4.7071342
6.3154016
5.2891884
5.3160133
5.0357723
8.148646
9.324434
8.482731
10.396859
8.371044
10.286975
9.864842
12.253317
8.402208
10.575367
7.5673747
9.964396
6.0602736
8.0774355
5.526818
7.273103
5.5149064
6.855111
6.8595114
10.6924305
10.583718
13.314551
10.339557
15.923783
10.168501
17.12844
6.855191
7.9438405
3.4421556
5.9450283
6.0355396
5.6272
6.1662517
6.311419
4.5540333
4.3376923
4.628125
5.0632625
3.8457134
4.7149324
4.1069145
4.1361146
3.0580273
4.2855854
6.7420573
6.7673106
3.5416408
4.712939
3.7362938
5.0785604
4.744757
